@0000
00 00 21 20 7F 03 00 00 7B 03 00 00 7B 03 00 00 
00 00 00 00 00 00 00 00 00 00 00 00 00 00 00 00 
00 00 00 00 00 00 00 00 00 00 00 00 7B 03 00 00 
00 00 00 00 00 00 00 00 7B 03 00 00 7B 03 00 00 
7B 03 00 00 7B 03 00 00 7B 03 00 00 7B 03 00 00 
7B 03 00 00 7B 03 00 00 7B 03 00 00 7B 03 00 00 
7B 03 00 00 7B 03 00 00 7B 03 00 00 7B 03 00 00 
7B 03 00 00 7B 03 00 00 7B 03 00 00 7B 03 00 00 
7B 03 00 00 7B 03 00 00 7B 03 00 00 7B 03 00 00 
7B 03 00 00 7B 03 00 00 7B 03 00 00 7B 03 00 00 
7B 03 00 00 7B 03 00 00 7B 03 00 00 7B 03 00 00 
7B 03 00 00 7B 03 00 00 7B 03 00 00 7B 03 00 00 
80 B5 82 B0 00 20 01 90 00 F0 4A F9 00 F0 40 F9 
00 28 08 D0 FF E7 03 20 C0 02 10 49 08 60 10 48 
00 68 80 47 16 E0 00 F0 1D F8 00 28 09 D0 FF E7 
00 BE 00 F0 11 F9 A0 20 00 F0 3A F9 00 F0 16 F9 
07 E0 00 F0 1D F9 A0 20 00 F0 32 F9 00 F0 0E F9 
FF E7 FF E7 01 98 02 B0 80 BD C0 46 08 ED 00 E0 
04 18 00 00 80 B5 82 B0 FF E7 01 20 81 04 01 91 
0A 48 00 F0 E5 F8 01 99 88 42 01 D0 FF E7 F4 E7 
07 48 00 F0 15 F9 01 20 81 04 04 48 00 F0 D8 F8 
04 49 40 18 41 42 48 41 02 B0 80 BD 00 00 0A 40 
00 24 F4 00 00 00 FC FF 80 B5 84 B0 0C 48 01 90 
00 F0 A2 F8 0B 48 02 90 00 F0 9E F8 0A 48 03 90 
00 F0 9A F8 01 98 00 F0 8B F8 02 98 00 F0 88 F8 
03 98 00 F0 85 F8 10 20 00 F0 EA F8 04 B0 80 BD 
00 00 0A 40 00 20 0A 40 00 40 0A 40 10 B5 84 B0 
06 9C 03 90 02 91 01 92 00 93 02 98 01 99 08 43 
00 99 08 43 06 99 08 43 03 49 08 43 03 99 89 00 
02 4A 88 50 04 B0 10 BD 81 00 04 00 04 80 42 40 
84 B0 03 90 02 91 01 92 03 98 00 68 00 90 00 98 
01 99 88 43 00 90 00 98 02 99 01 9A 11 40 08 43 
03 99 08 60 04 B0 70 47 80 B5 82 B0 00 20 01 90 
00 F0 5E F8 01 98 00 F0 27 F8 01 98 00 F0 32 F8 
01 98 00 F0 13 F8 02 B0 80 BD 00 00 06 48 80 F3 
08 88 00 BF 00 BF 00 F0 A4 F8 00 20 FF F7 40 FF 
01 20 00 F0 A0 F8 C0 46 00 00 21 20 80 B5 82 B0 
01 46 01 A8 01 70 01 78 02 48 0F 22 FF F7 C0 FF 
02 B0 80 BD 04 01 0B 40 80 B5 82 B0 01 46 01 A8 
01 70 01 78 02 48 03 22 FF F7 B2 FF 02 B0 80 BD 
00 01 0B 40 80 B5 82 B0 01 46 01 A8 01 70 01 78 
02 48 30 22 FF F7 A4 FF 02 B0 80 BD 04 01 0B 40 
81 B0 00 90 00 99 01 20 C2 02 02 48 88 50 01 B0 
70 47 C0 46 01 00 00 26 81 B0 00 90 00 99 02 4A 
02 48 88 50 01 B0 70 47 04 08 00 00 03 00 00 B1 
81 B0 01 46 68 46 01 70 00 78 02 49 08 60 01 B0 
70 47 C0 46 08 03 0B 40 80 B5 82 B0 00 22 00 92 
01 20 C3 04 27 20 11 46 FF F7 58 FF 02 B0 80 BD 
82 B0 01 90 00 91 01 98 27 21 C9 01 40 58 00 99 
08 40 02 B0 70 47 00 00 02 49 08 68 02 4A 10 43 
08 60 70 47 3C 20 0B 40 01 00 00 58 02 49 08 68 
02 4A 10 43 08 60 70 47 60 20 0B 40 01 00 00 9D 
02 49 08 68 01 22 90 43 08 60 70 47 3C 20 0B 40 
02 48 00 68 01 21 08 40 70 47 C0 46 48 20 0B 40 
80 B5 FF F7 01 FF FF F7 BF FF FF F7 4D FF 80 BD 
81 1E 09 1F 00 BF FC D2 70 47 FF E7 FE E7 55 E7 
70 47 01 20 70 47 00 BF FE E7 00 00 00 00 00 00 